ParName   Value   Gradient
theta[1]     0.357585 -0.000415382
theta[2]     0.339831 3.41158e-005
theta[4]      16.0818 -0.000159702
theta[5]      8.96134   0.00494542
theta[13]    -0.129067 -4.93581e-006
theta[14]    -0.210863 5.14501e-006
theta[15]     0.025035 -1.00463e-006
theta[16]     0.475812 9.32922e-007
theta[17]     0.915901 -2.59392e-006
theta[18]      1.27014 8.03566e-006
theta[19]      1.32411 -3.88556e-007
theta[20]      1.21663 7.12877e-006
theta[21]      1.25358 4.71871e-006
theta[22]      1.32568 3.75606e-006
theta[23]      1.24999  1.1468e-005
theta[24]      1.25846 8.16655e-006
theta[25]      1.39785 1.99075e-005
theta[26]      1.18246 1.17986e-005
theta[27]     0.749566 -8.91936e-006
theta[28]     0.297366 -8.45339e-006
theta[29]    -0.419018 -1.22389e-005
theta[30]     -1.16568 -1.27616e-005
theta[31]     -1.50012 1.40165e-006
theta[32]     -1.71118 -1.04691e-005
theta[33]     -1.74434 -3.78456e-006
theta[34]      0.60327   4.116e-007
theta[35]     0.861136 -1.72571e-007
theta[36]      1.44611 6.32337e-006
theta[37]      3.19769 1.66849e-005
theta[38]      2.18192  7.3667e-006
theta[39]      2.13194 1.97199e-005
theta[40]      1.98902 1.33935e-005
theta[41]      1.68839 4.21399e-006
theta[42]      1.45339 5.21542e-006
theta[43]      1.10175 -3.9931e-007
theta[44]     0.575866 -1.02523e-005
theta[45]      0.25231 -8.34538e-006
theta[46]    0.0477431 -7.96954e-006
theta[47]    -0.417698 3.38379e-006
theta[48]    -0.990797 -1.60764e-006
theta[49]      -1.3736 1.57273e-006
theta[50]     -1.61505 -7.0308e-006
theta[51]     -1.79875 -5.8063e-006
theta[52]     -1.93296 -3.62875e-006
theta[53]      -1.8743 -6.94287e-006
theta[54]     -1.83108 -1.79227e-006
theta[55]     -1.81864 -4.73282e-006
theta[56]     0.483944 1.34685e-006
theta[57]     0.677176 5.34392e-007
theta[58]      1.14081 -2.16686e-006
theta[59]      2.05444 6.62405e-006
theta[60]      3.59706 1.66693e-005
theta[61]      4.31607 4.00949e-005
theta[62]      3.67112 1.82922e-005
theta[63]      2.33052 7.98006e-006
theta[64]     0.912059 -2.79201e-006
theta[65]    -0.131324 -5.61091e-006
theta[66]    -0.540582 -1.28508e-006
theta[67]    -0.631178 -3.96283e-006
theta[68]    -0.627909 -9.00715e-006
theta[69]    -0.628497 -8.12106e-006
theta[70]     -0.65152 -1.10622e-005
theta[71]    -0.721519 -1.0475e-005
theta[72]    -0.768196 -7.24406e-006
theta[73]    -0.803467 -1.30049e-005
theta[74]    -0.835819 -7.20734e-006
theta[75]    -0.879167 -1.38983e-005
theta[76]     -0.96114 -9.59547e-006
theta[77]     -1.12421 -1.43887e-005
theta[78]     0.273969 3.75003e-006
theta[79]      0.29676 1.01624e-006
theta[80]     0.366304 1.00397e-006
theta[81]     0.771923 1.71698e-006
theta[82]      1.26721 -1.1668e-006
theta[83]      1.76537 -6.8134e-006
theta[84]     0.665017 -2.83174e-006
theta[85]     -0.33967 2.30321e-007
theta[86]     -1.04314 -5.46061e-006
theta[87]     -1.51634 -3.3624e-006
theta[88]      -1.7433 -2.33072e-006
theta[89]     -1.80397 -1.98364e-006
theta[90]     -1.85114 -2.64361e-006
theta[91]     -1.87564 -1.7874e-006
theta[92]     -1.90098 -7.20638e-006
theta[93]      -1.9294 -8.01498e-007
theta[94]       -1.952 -6.8962e-006
theta[95]     -1.96571 -3.19902e-006
theta[96]     -1.97281 -4.82081e-006
theta[97]     -1.97615 -9.47318e-006
theta[98]     -1.97764 1.21333e-006
theta[99]      -1.9783 -6.20886e-006
Grwth[1]      2.11558  0.000370699
Grwth[2]     -0.21995 -0.000753587
Grwth[4]     -0.21371 -7.40865e-005
Grwth[5]    -0.300249  0.000156602
Grwth[10]    0.0253034 -1.63266e-005
Grwth[11]    0.0453112 -1.74597e-005
Grwth[12]    0.0748525 -3.76914e-005
Grwth[13]     0.114538 -3.97789e-005
Grwth[14]     0.164015 -4.48573e-005
Grwth[15]     0.171856 -4.07757e-005
Grwth[16]     0.196368 -4.9467e-005
Grwth[17]      0.23076 -4.36979e-005
Grwth[18]     0.220829 -3.97847e-005
Grwth[19]     0.199658 -2.35442e-005
Grwth[20]     0.227501 -1.14491e-005
Grwth[21]     0.411765 -1.16474e-005
Grwth[22]     0.822905 -6.55839e-006
Grwth[30]     0.175318 -5.47498e-007
Grwth[31]     0.102308 1.11567e-005
Grwth[32]     0.367833 5.92346e-006
Grwth[33]     0.764041 1.01115e-005
Grwth[34]     0.920247 2.41939e-005
Grwth[35]     0.961963 1.71612e-005
log_slx_pars[1]      4.64232  -0.00149688
log_slx_pars[2]      1.52942     0.000325
log_slx_pars[3]      4.26608  0.000577196
log_slx_pars[4]      0.97825 -9.09915e-005
log_slx_pars[5]      4.56008 -0.000146373
log_slx_pars[6]      2.22372 2.61985e-005
log_slx_pars[7]       3.8268 -5.75985e-006
log_slx_pars[8]      2.05762 4.47882e-006
log_slx_pars[9]      3.85922 -2.02172e-005
log_slx_pars[10]      1.07038 4.62218e-006
log_slx_pars[11]      3.70371 -1.18707e-005
log_slx_pars[12]      1.56199   6.806e-006
log_slx_pars[13]      3.85143 -4.42816e-005
log_slx_pars[14]      1.33033 -8.0783e-006
log_slx_pars[15]     -3.80179 1.13355e-007
log_slx_pars[16]      -3.8018 7.62477e-007
log_slx_pars[17]      -3.8014 9.74953e-007
log_slx_pars[18]     -3.79068  1.8781e-006
log_slx_pars[19]     -3.76673 -1.93817e-006
log_slx_pars[20]     -3.62755 -3.01177e-007
log_slx_pars[21]     -3.29055 -1.16512e-006
log_slx_pars[22]     -2.82875 -1.62361e-006
log_slx_pars[23]     -2.39143 -6.58744e-007
log_slx_pars[24]     -1.94926 -1.41299e-006
log_slx_pars[25]     -1.75796 1.18241e-006
log_slx_pars[26]     -1.54696 2.21147e-006
log_slx_pars[27]     -1.13372 2.29702e-007
log_slx_pars[28]    -0.816249 -2.27553e-006
log_slx_pars[29]    -0.972793 -2.02841e-007
log_slx_pars[30]     -1.41767 7.08147e-007
log_slx_pars[31]     -1.61608 -1.36547e-006
log_slx_pars[32]     -1.68032 5.14596e-006
log_slx_pars[33]      -1.6116 3.95546e-006
log_slx_pars[34]     -1.40867 6.96639e-006
log_slx_pars[35]     -1.29259 1.99389e-006
log_slx_pars[36]     -1.21792 -2.75696e-006
log_slx_pars[37]     -2.61314 1.62964e-006
log_slx_pars[38]     -2.61367 9.02988e-007
log_slx_pars[39]     -2.73034  2.7247e-006
log_slx_pars[40]     -3.14003 1.98118e-006
log_slx_pars[41]     -3.39027 2.17486e-006
log_slx_pars[42]      -2.4897 -3.36161e-006
log_slx_pars[43]     -1.97842 -6.21859e-006
log_slx_pars[44]     -1.72222 -1.19227e-006
log_slx_pars[45]     -1.76494 3.65879e-006
log_slx_pars[46]     -1.93532 3.65854e-007
log_slx_pars[47]     -1.98478 -4.22738e-007
log_slx_pars[48]     -1.98182 2.16072e-006
log_slx_pars[49]     -1.98133 4.04813e-007
log_slx_pars[50]     -1.98129 -1.75811e-006
log_slx_pars[51]     -1.98127 -2.38576e-006
log_slx_pars[52]     -1.98126 -8.1131e-007
log_slx_pars[53]     -1.98124 -6.56562e-007
log_slx_pars[54]     -1.98123 3.06443e-006
log_slx_pars[55]     -1.98122 2.52573e-006
log_slx_pars[56]     -1.98121 1.37054e-006
log_slx_pars[57]      -1.9812 -1.23631e-006
log_slx_pars[58]      -1.9812 -1.08268e-006
log_slx_pars[61]    -0.206107 -4.56622e-006
log_slx_pars[62]     -0.58218 1.22322e-005
log_slx_pars[63]    -0.875738 2.58858e-006
log_slx_pars[64]    -0.493752 -3.68375e-006
log_slx_pars[69]    -0.342161 1.24408e-006
log_slx_pars[70]    -0.388581 -8.45005e-007
log_slx_pars[71]    -0.444157 3.93214e-006
log_slx_pars[72]    -0.549174 -1.65154e-006
log_slx_pars[73]    -0.494381 -7.5514e-008
log_slx_pars[74]    -0.480708 3.78534e-006
log_slx_pars[75]    -0.503276 1.33853e-006
log_slx_pars[76]    -0.569122 -6.24177e-007
log_slx_pars[77]    -0.597608  1.2799e-006
log_slx_pars[78]    -0.544453 5.61435e-006
log_slx_pars[79]     -0.46847 9.38859e-006
log_slx_pars[80]    -0.395811 -6.0487e-006
log_slx_pars[81]    -0.331523 4.49088e-006
log_slx_pars[82]    -0.304751 -3.57054e-006
log_slx_pars[83]     -0.52041 -6.78902e-006
log_slx_pars[84]    -0.983974 1.08859e-007
log_slx_pars[85]    -0.755654 2.38182e-006
log_slx_pars[86]    -0.688918 -8.00203e-007
log_slx_pars[87]     -0.52188  3.2111e-006
log_slx_pars[88]    -0.683344 4.80829e-007
log_slx_pars[89]    -0.705463 -1.48684e-006
log_slx_pars[90]    -0.827412 -2.6433e-006
log_slx_pars[91]    -0.768482 -3.82599e-006
log_slx_pars[92]    -0.782632 4.64956e-007
log_slx_pars[93]    -0.782775 1.77457e-006
log_slx_pars[94]    -0.782161 -1.67174e-006
log_slx_pars[95]     -0.78209 2.84436e-007
log_slx_pars[96]    -0.782079 1.35948e-006
log_slx_pars[97]     -0.78207 1.71599e-006
log_slx_pars[98]    -0.782063 2.99543e-007
log_slx_pars[99]    -0.782056 -1.85056e-006
log_slx_pars[100]     -0.78205 -7.64424e-007
log_slx_pars[101]    -0.782045 1.25792e-006
log_slx_pars[102]    -0.782041 -9.53345e-007
log_slx_pars[103]    -0.782037 1.48852e-006
log_slx_pars[104]    -0.782035 -8.5431e-007
log_slx_pars[107]      4.57206   0.00191745
log_slx_pars[108]     0.422223 4.19755e-005
log_fbar[1]    -0.189545  0.000362923
log_fbar[2]     -5.91841  0.000181787
log_fdev[1](1)     -1.46815 -1.76007e-005
log_fdev[1](2)     -1.47803 -3.2947e-005
log_fdev[1](3)    -0.615892 -3.77254e-005
log_fdev[1](4)     -0.13245 -3.19419e-005
log_fdev[1](5)    0.0428455 -1.9186e-005
log_fdev[1](6)     0.315835 -9.13684e-006
log_fdev[1](7)     0.155264 -8.27236e-006
log_fdev[1](8)   0.00706059 -3.07366e-005
log_fdev[1](9)     0.687041 -5.95439e-005
log_fdev[1](10)     0.771683 -6.15303e-005
log_fdev[1](11)      1.08265 -5.32167e-005
log_fdev[1](12)     0.788608 7.04427e-005
log_fdev[1](13)     0.515528  7.7023e-005
log_fdev[1](14)     0.206556 5.62459e-005
log_fdev[1](15)    0.0309521  0.000141838
log_fdev[1](16)      0.31678  0.000137174
log_fdev[1](17)     0.408054  0.000101918
log_fdev[1](18)     -1.06403 1.41957e-005
log_fdev[1](19)    -0.850659 4.40466e-006
log_fdev[1](20)    0.0511223 -5.51887e-005
log_fdev[1](21)    -0.257911 -6.21947e-005
log_fdev[1](22)    -0.941159 -2.31418e-005
log_fdev[1](23)    -0.886755 -6.17291e-005
log_fdev[1](24)    -0.135553 -0.000144668
log_fdev[1](25)    -0.227806 -8.87208e-005
log_fdev[1](26)    -0.072047 -4.71916e-005
log_fdev[1](27)    -0.477075  1.7818e-005
log_fdev[1](28)    -0.945783 9.79318e-005
log_fdev[1](29)    -0.979224  0.000128823
log_fdev[1](30)    0.0522086 7.32189e-005
log_fdev[1](31)      0.50056 9.38573e-005
log_fdev[1](32)     0.605886 3.63924e-005
log_fdev[1](33)      1.03572 -5.97064e-005
log_fdev[1](34)      1.16012   -7.58e-006
log_fdev[1](35)     0.747957  0.000134813
log_fdev[1](36)     0.770642  0.000112856
log_fdev[1](37)     0.715007  0.000145247
log_fdev[1](38)    -0.435548 9.72817e-005
log_fdev[2](1)    -0.217053 -4.84941e-006
log_fdev[2](2)    0.0640872 -6.5123e-006
log_fdev[2](3)     0.202549 -3.06031e-006
log_fdev[2](4)     0.187927 -1.26121e-006
log_fdev[2](5)     -8.89682 -1.51874e-006
log_fdev[2](6)     -4.78578 6.12352e-008
log_fdev[2](7)     -5.37112 -5.98845e-006
log_fdev[2](8)     -1.61921 9.76094e-006
log_fdev[2](9)     0.317154  8.4435e-006
log_fdev[2](10)      1.26562 9.53503e-006
log_fdev[2](11)      2.09703 1.50928e-005
log_fdev[2](12)      2.04434 1.39372e-005
log_fdev[2](13)      2.70529  8.6443e-006
log_fdev[2](14)      1.40705 9.18182e-006
log_fdev[2](15)     0.543822 9.80736e-006
log_fdev[2](16)     0.682893 1.12362e-005
log_fdev[2](17)     0.607234 4.25813e-006
log_fdev[2](18)     0.861967 -7.04965e-006
log_fdev[2](19)      1.04569 -2.34416e-006
log_fdev[2](20)      1.04601 -9.81566e-006
log_fdev[2](21)     0.359979 1.31197e-006
log_fdev[2](22)      1.16867 -5.24366e-006
log_fdev[2](23)      1.53497 -3.86603e-006
log_fdev[2](24)     0.497575 -9.29425e-006
log_fdev[2](25)      1.01469 -1.2976e-005
log_fdev[2](26)   -0.0841929 -6.95133e-006
log_fdev[2](27)    -0.304681 8.58353e-006
log_fdev[2](28)      0.51644 1.73903e-005
log_fdev[2](29)    -0.660938 2.07426e-005
log_fdev[2](30)    -0.247787 2.11028e-005
log_fdev[2](31)     0.529393 1.41014e-005
log_fdev[2](32)   -0.0203145 1.46022e-005
log_fdev[2](33)     0.412653 1.31441e-005
log_fdev[2](34)      0.81009 1.59881e-005
log_fdev[2](35)      0.21691 2.18832e-005
log_fdev[2](36)     -0.28799 1.48979e-005
log_fdev[2](37)     0.703657 8.83485e-006
log_fdev[2](38)    -0.347785  9.6837e-006
log_foff[1]     -6.70198 -0.000245782
log_fdov[1](1)    0.0107409 -1.10216e-005
log_fdov[1](2)    -0.296777 -7.33981e-006
log_fdov[1](3)    -0.832806 -9.18238e-006
log_fdov[1](4)    -0.976428 -3.09731e-007
log_fdov[1](5)   -0.0454425 -6.39075e-006
log_fdov[1](6)    0.0439591 -1.40789e-005
log_fdov[1](7)  -0.00960464 -5.86137e-006
log_fdov[1](8)     0.302427 -2.22746e-005
log_fdov[1](9)    -0.120768 -2.55128e-005
log_fdov[1](10)     0.232222 -1.26173e-005
log_fdov[1](11)     0.911939 -2.5212e-005
log_fdov[1](12)     0.929288 -2.65426e-005
log_fdov[1](13)     0.886301 -2.90276e-005
log_fdov[1](14)    -0.133143 -2.07316e-005
log_fdov[1](15)      1.55115 -1.40842e-006
log_fdov[1](16)     -1.13959 -1.15865e-005
log_fdov[1](17)    -0.752639 -7.03501e-006
log_fdov[1](18)     -1.77371 -3.48019e-006
log_fdov[1](19)     -1.82151 9.97524e-007
log_fdov[1](20)     -2.77826 -1.13376e-006
log_fdov[1](21)    -0.118608 1.17977e-005
log_fdov[1](22)     -1.12215 1.21006e-006
log_fdov[1](23)    -0.864451 -1.17386e-005
log_fdov[1](24)     -0.50781 -2.0783e-006
log_fdov[1](25)     -2.02627 1.46218e-005
log_fdov[1](26)     0.354303 -8.10287e-006
log_fdov[1](27)     0.736036 -1.37917e-005
log_fdov[1](28)      1.38387 -1.3519e-005
log_fdov[1](29)     0.794284 -1.71494e-005
log_fdov[1](30)      2.53857 -3.27817e-006
log_fdov[1](31)    0.0408865 -6.36098e-006
log_fdov[1](32)     0.939786 -2.40135e-006
log_fdov[1](33)      1.67815 4.54784e-006
log_fdov[1](34)     0.908171 -2.62129e-005
log_fdov[1](35)     0.294711 -6.74807e-006
log_fdov[1](36)     0.175741 -6.10093e-006
log_fdov[1](37)   -0.0732196 -9.26769e-006
log_fdov[1](38)     0.680659 -5.46316e-007
rec_dev_est(1982)      5.76791 1.62843e-005
rec_dev_est(1983)      4.86254 1.23995e-005
rec_dev_est(1984)      5.89446 5.36306e-005
rec_dev_est(1985)      7.89955  0.000137403
rec_dev_est(1986)      6.24007 6.30962e-005
rec_dev_est(1987)      5.40597  0.000320361
rec_dev_est(1988)      3.91406 4.25637e-005
rec_dev_est(1989)      4.41719 3.60688e-005
rec_dev_est(1990)      6.09392  0.000122382
rec_dev_est(1991)      6.55322  9.6134e-005
rec_dev_est(1992)      6.04234 -4.84382e-005
rec_dev_est(1993)      6.11291 -3.55528e-005
rec_dev_est(1994)      3.42018 -8.86178e-006
rec_dev_est(1995)      2.31807 -2.54391e-005
rec_dev_est(1996)      2.45809 -2.57529e-005
rec_dev_est(1997)      5.22664 -0.000310666
rec_dev_est(1998)      5.71156 -3.5778e-005
rec_dev_est(1999)      4.37996 -9.48362e-005
rec_dev_est(2000)      3.18103 -3.73322e-005
rec_dev_est(2001)      4.66223  3.9931e-005
rec_dev_est(2002)      4.58409  0.000217445
rec_dev_est(2003)      6.67563  0.000295401
rec_dev_est(2004)      4.73588  0.000318086
rec_dev_est(2005)      3.33733 6.87676e-005
rec_dev_est(2006)      2.58583 3.00332e-005
rec_dev_est(2007)      4.41715  0.000132322
rec_dev_est(2008)      7.25944  0.000322551
rec_dev_est(2009)      5.00587  0.000102576
rec_dev_est(2010)        4.569   0.00030526
rec_dev_est(2011)      5.10689  0.000110626
rec_dev_est(2012)      3.51094  0.000196328
rec_dev_est(2013)      3.36245 7.13673e-005
rec_dev_est(2014)      5.53418 8.77564e-005
rec_dev_est(2015)      7.36697 3.50181e-005
rec_dev_est(2016)      6.29243 -3.47447e-006
rec_dev_est(2017)      4.21928 -6.97957e-007
rec_dev_est(2018)      3.24529 -6.53548e-007
rec_dev_est(2019)      3.24993 -3.04945e-006
logit_rec_prop_est(1982)      2.01739 -0.000364375
logit_rec_prop_est(1983)      1.90164  -0.00036725
logit_rec_prop_est(1984)     0.732804 -0.000248349
logit_rec_prop_est(1985)     -1.70094    0.0016344
logit_rec_prop_est(1986)     -2.00087  0.000347993
logit_rec_prop_est(1987)      2.06006  0.000171241
logit_rec_prop_est(1988)    -0.481157 -0.000156227
logit_rec_prop_est(1989)   -0.0317747 -9.65856e-005
logit_rec_prop_est(1990)    -0.585371  0.000397265
logit_rec_prop_est(1991)    -0.128682 9.31656e-005
logit_rec_prop_est(1992)    -0.487939 -0.000769572
logit_rec_prop_est(1993)      -2.8426 -0.000668731
logit_rec_prop_est(1994)     -1.28819 -0.000489849
logit_rec_prop_est(1995)      1.92575 -0.000412333
logit_rec_prop_est(1996)        1.445 -0.000416187
logit_rec_prop_est(1997)     0.433701  -0.00116203
logit_rec_prop_est(1998)     -2.99706 -0.000833499
logit_rec_prop_est(1999)    -0.896996  -0.00102487
logit_rec_prop_est(2000)      1.30501 -0.000495449
logit_rec_prop_est(2001)      4.41268 -0.000375789
logit_rec_prop_est(2002)      3.00431 -0.000288343
logit_rec_prop_est(2003)     -1.77242   0.00228754
logit_rec_prop_est(2004)      1.89021  0.000154083
logit_rec_prop_est(2005)      2.22039 -0.000291977
logit_rec_prop_est(2006)      1.64791 -0.000315774
logit_rec_prop_est(2007)   -0.0452666  0.000247627
logit_rec_prop_est(2008)     -2.71613   0.00291572
logit_rec_prop_est(2009)     -2.21697  0.000463617
logit_rec_prop_est(2010)     -1.00271   0.00151408
logit_rec_prop_est(2011)      -2.7787  0.000553824
logit_rec_prop_est(2012)       1.8254 -7.48659e-005
logit_rec_prop_est(2013)       1.2601 -0.000289923
logit_rec_prop_est(2014)     0.095024 -0.000154998
logit_rec_prop_est(2015)     0.565882 -0.000207507
logit_rec_prop_est(2016)     -2.28283 -0.000371461
logit_rec_prop_est(2017)     -1.60669 -0.000377241
logit_rec_prop_est(2018)    -0.652047 -0.000381834
logit_rec_prop_est(2019)    -0.227925 -0.000379407
m_mat_mult[1]    0.0184031  -0.00178729
m_mat_mult[2]    0.0585237  6.0518e-005
survey_q[1]     0.220905 5.21488e-006
survey_q[2]     0.415169  9.3395e-006
survey_q[3]     0.512349 1.20956e-005
survey_q[4]     0.871403 -3.00083e-005
