ParName   Value   Gradient
theta[1]     0.357587 7.13148e-005
theta[2]     0.339826  0.000153472
theta[4]      16.0818  -0.00269602
theta[5]      9.04025  -0.00121743
theta[13]    -0.129058 1.00616e-005
theta[14]    -0.210847 2.45671e-006
theta[15]    0.0250497 1.19797e-005
theta[16]      0.47582 2.12454e-005
theta[17]     0.915903  2.7368e-005
theta[18]      1.27015 2.72666e-005
theta[19]      1.32413 2.94894e-005
theta[20]      1.21664 2.96778e-005
theta[21]       1.2536 1.44703e-005
theta[22]       1.3257 1.93067e-005
theta[23]      1.25002 7.00529e-006
theta[24]      1.25848 -1.24731e-005
theta[25]      1.39787 -2.56882e-005
theta[26]      1.18247 -7.57211e-005
theta[27]      0.74958 -0.000118331
theta[28]     0.297373 -0.000122828
theta[29]    -0.419013 -6.9855e-005
theta[30]     -1.16567 -4.93589e-005
theta[31]     -1.50011 -3.19227e-005
theta[32]     -1.71117 -4.74143e-005
theta[33]     -1.74433 -3.95008e-005
theta[34]     0.603297 2.22372e-005
theta[35]     0.861173 1.19578e-005
theta[36]      1.44616 2.60556e-005
theta[37]      3.19778  0.000142316
theta[38]      2.18199 2.99878e-005
theta[39]        2.132 -2.83051e-005
theta[40]      1.98908 -7.64288e-005
theta[41]      1.68845 -8.98723e-005
theta[42]      1.45344  -0.00010321
theta[43]       1.1018 -0.000103683
theta[44]     0.575903 -7.48188e-005
theta[45]     0.252343 -5.39931e-005
theta[46]    0.0477801 -6.5445e-005
theta[47]    -0.417658 -5.83008e-005
theta[48]    -0.990761 -4.28882e-005
theta[49]     -1.37357 -3.72743e-005
theta[50]     -1.61502 -3.21025e-005
theta[51]     -1.79873 -1.5495e-005
theta[52]     -1.93294 -2.25524e-005
theta[53]     -1.87429 -2.99109e-005
theta[54]     -1.83107  -2.618e-005
theta[55]     -1.81863 -3.94534e-005
theta[56]     0.483943 1.93452e-005
theta[57]     0.677174 1.45764e-005
theta[58]      1.14081 2.65568e-005
theta[59]      2.05443 7.25875e-005
theta[60]      3.59705  0.000348681
theta[61]      4.31605  0.000702792
theta[62]       3.6711  0.000370414
theta[63]       2.3305 8.85193e-005
theta[64]     0.912041 7.60882e-006
theta[65]    -0.131345 -1.45105e-005
theta[66]    -0.540604 -1.50547e-005
theta[67]    -0.631202 -1.80187e-005
theta[68]    -0.627931 -3.18079e-005
theta[69]    -0.628521 -3.63182e-005
theta[70]     -0.65155 -3.35915e-005
theta[71]    -0.721558 -3.32473e-005
theta[72]     -0.76824 -4.41399e-005
theta[73]    -0.803512 -4.4051e-005
theta[74]    -0.835865 -4.40619e-005
theta[75]    -0.879213 -5.23728e-005
theta[76]    -0.961188 -5.45256e-005
theta[77]     -1.12426 -4.79584e-005
theta[78]     0.273971 1.79058e-005
theta[79]     0.296761 1.81234e-005
theta[80]     0.366299 1.91047e-005
theta[81]     0.771903 1.28588e-005
theta[82]      1.26718 3.27164e-005
theta[83]      1.76534 3.20843e-005
theta[84]     0.664985 -1.99064e-005
theta[85]      -0.3397  -1.867e-005
theta[86]     -1.04317 5.49035e-007
theta[87]     -1.51637 -1.96708e-005
theta[88]     -1.74333 7.03451e-007
theta[89]       -1.804 -1.63317e-005
theta[90]     -1.85117 -2.16107e-005
theta[91]     -1.87567 -9.42513e-006
theta[92]     -1.90101 -2.35275e-005
theta[93]     -1.92943 -1.87068e-005
theta[94]     -1.95203 -6.21745e-006
theta[95]     -1.96575 -3.33498e-005
theta[96]     -1.97284 -1.27146e-005
theta[97]     -1.97618 -1.51008e-005
theta[98]     -1.97767 -2.10463e-005
theta[99]     -1.97833 -1.94994e-005
Grwth[1]      2.11559  0.000150069
Grwth[2]    -0.219949 -0.000326233
Grwth[4]    -0.213713 -0.000147225
Grwth[5]    -0.300249  0.000477967
Grwth[10]    0.0253033 5.12723e-006
Grwth[11]    0.0453112 4.27069e-006
Grwth[12]    0.0748531 1.66701e-005
Grwth[13]     0.114538 1.14682e-005
Grwth[14]     0.164014 1.27872e-005
Grwth[15]     0.171854 2.33716e-005
Grwth[16]     0.196365 2.07092e-005
Grwth[17]     0.230756 1.71043e-005
Grwth[18]     0.220824 -5.31692e-006
Grwth[19]     0.199654  1.0262e-005
Grwth[20]     0.227497 1.27614e-005
Grwth[21]     0.411758 1.67684e-005
Grwth[22]     0.822896 8.35138e-006
Grwth[30]     0.175328 -4.58837e-007
Grwth[31]     0.102314 2.98088e-006
Grwth[32]     0.367852  1.8641e-005
Grwth[33]     0.764048 3.37221e-005
Grwth[34]      0.92025 8.88266e-005
Grwth[35]     0.961964 8.20148e-005
log_slx_pars[1]      4.64232    0.0013368
log_slx_pars[2]      1.52942 -0.000141742
log_slx_pars[3]      4.26608   0.00163565
log_slx_pars[4]     0.978248 -0.000151053
log_slx_pars[5]      4.56007 5.82831e-005
log_slx_pars[6]      2.22369 2.08874e-005
log_slx_pars[7]       3.8268 2.82989e-005
log_slx_pars[8]      2.05764 -2.66696e-006
log_slx_pars[9]      3.85922 3.72274e-005
log_slx_pars[10]      1.07037 7.92977e-006
log_slx_pars[11]       3.7037 -3.0393e-005
log_slx_pars[12]      1.56196 -9.95346e-006
log_slx_pars[13]      3.85143 -1.29569e-005
log_slx_pars[14]      1.33034 -2.21795e-006
log_slx_pars[15]     -3.80182 -3.26953e-006
log_slx_pars[16]     -3.80183 1.41086e-008
log_slx_pars[17]     -3.80143 -4.00198e-007
log_slx_pars[18]     -3.79071 5.11818e-007
log_slx_pars[19]     -3.76676 1.81828e-006
log_slx_pars[20]     -3.62758  4.1113e-006
log_slx_pars[21]     -3.29057 1.47349e-006
log_slx_pars[22]     -2.82877 3.20513e-007
log_slx_pars[23]     -2.39144 -9.00729e-007
log_slx_pars[24]     -1.94927 -1.09936e-006
log_slx_pars[25]     -1.75795 -2.28442e-006
log_slx_pars[26]     -1.54695 -4.29551e-006
log_slx_pars[27]     -1.13371  1.7992e-006
log_slx_pars[28]    -0.816241 -2.49472e-006
log_slx_pars[29]    -0.972783 -1.89116e-006
log_slx_pars[30]     -1.41767 8.70259e-007
log_slx_pars[31]     -1.61608 5.29133e-007
log_slx_pars[32]     -1.68032 -3.56678e-006
log_slx_pars[33]      -1.6116 -8.07302e-007
log_slx_pars[34]     -1.40867 -1.92585e-006
log_slx_pars[35]     -1.29259 -3.49363e-006
log_slx_pars[36]     -1.21792 -2.63891e-006
log_slx_pars[37]     -2.61314 -1.67847e-006
log_slx_pars[38]     -2.61367 -5.83371e-007
log_slx_pars[39]     -2.73034 -1.5372e-006
log_slx_pars[40]     -3.14002 3.57152e-007
log_slx_pars[41]     -3.39025 3.28994e-007
log_slx_pars[42]     -2.48966 -9.09498e-006
log_slx_pars[43]     -1.97839 4.14539e-006
log_slx_pars[44]     -1.72218 3.19297e-006
log_slx_pars[45]      -1.7649 -4.07331e-006
log_slx_pars[46]     -1.93528 5.98034e-006
log_slx_pars[47]     -1.98473 -2.0914e-006
log_slx_pars[48]     -1.98178 -1.98494e-007
log_slx_pars[49]     -1.98128 1.40891e-006
log_slx_pars[50]     -1.98125 -5.10047e-007
log_slx_pars[51]     -1.98123 -1.23535e-006
log_slx_pars[52]     -1.98121 -2.4985e-006
log_slx_pars[53]     -1.98119 -2.03081e-007
log_slx_pars[54]     -1.98118 3.79748e-007
log_slx_pars[55]     -1.98117 -2.51989e-006
log_slx_pars[56]     -1.98116 -3.61389e-006
log_slx_pars[57]     -1.98115 5.80964e-009
log_slx_pars[58]     -1.98115 6.24646e-006
log_slx_pars[61]    -0.206131 1.17641e-006
log_slx_pars[62]    -0.582203 -8.25669e-008
log_slx_pars[63]    -0.875756 -1.69073e-007
log_slx_pars[64]    -0.493766 -1.16575e-007
log_slx_pars[69]    -0.342157 2.64306e-006
log_slx_pars[70]    -0.388574 5.72858e-007
log_slx_pars[71]    -0.444147 -3.90022e-006
log_slx_pars[72]    -0.549162 1.14381e-006
log_slx_pars[73]     -0.49437 1.89212e-006
log_slx_pars[74]    -0.480698 2.45453e-006
log_slx_pars[75]    -0.503265 -2.33667e-006
log_slx_pars[76]     -0.56911 3.06448e-006
log_slx_pars[77]    -0.597598 5.02694e-006
log_slx_pars[78]    -0.544447 4.60175e-006
log_slx_pars[79]    -0.468468 -1.79707e-006
log_slx_pars[80]    -0.395815 2.85561e-006
log_slx_pars[81]    -0.331532 2.91586e-006
log_slx_pars[82]    -0.304762 4.37124e-006
log_slx_pars[83]     -0.52031 4.20172e-006
log_slx_pars[84]    -0.983888 -2.8048e-006
log_slx_pars[85]    -0.755555 -9.87945e-007
log_slx_pars[86]    -0.688831 3.12237e-006
log_slx_pars[87]    -0.521806 -1.17376e-006
log_slx_pars[88]    -0.683301 1.05002e-006
log_slx_pars[89]    -0.705439 -1.47335e-007
log_slx_pars[90]    -0.827395 -3.22465e-007
log_slx_pars[91]    -0.768471 2.80575e-007
log_slx_pars[92]    -0.782622 8.63531e-007
log_slx_pars[93]    -0.782766 -2.80159e-007
log_slx_pars[94]    -0.782152 -2.49049e-008
log_slx_pars[95]    -0.782081 3.12471e-006
log_slx_pars[96]     -0.78207 -1.30707e-006
log_slx_pars[97]    -0.782062 9.10024e-007
log_slx_pars[98]    -0.782054 -3.06992e-006
log_slx_pars[99]    -0.782047 -3.40134e-006
log_slx_pars[100]    -0.782041 5.97198e-007
log_slx_pars[101]    -0.782036 1.51648e-006
log_slx_pars[102]    -0.782032 -1.01668e-006
log_slx_pars[103]    -0.782028 2.55934e-006
log_slx_pars[104]    -0.782026 1.14125e-006
log_slx_pars[107]      4.57206 -0.000371422
log_slx_pars[108]      0.42226 2.44965e-005
log_fbar[1]    -0.189473   -0.0018235
log_fbar[2]     -5.91837 -0.000158454
log_fdev[1](1)     -1.46817 -0.000176705
log_fdev[1](2)     -1.47805 -0.000200032
log_fdev[1](3)    -0.615915 -0.000190611
log_fdev[1](4)    -0.132478 -0.000166739
log_fdev[1](5)    0.0428118 -6.49222e-005
log_fdev[1](6)     0.315796 -6.6095e-005
log_fdev[1](7)     0.155221 -8.6697e-005
log_fdev[1](8)   0.00701209 -0.000120142
log_fdev[1](9)     0.686992 -2.11884e-005
log_fdev[1](10)     0.771635 -7.52445e-005
log_fdev[1](11)      1.08261 -0.000202568
log_fdev[1](12)     0.788568 -0.000127023
log_fdev[1](13)     0.515493 -6.77956e-006
log_fdev[1](14)     0.206519 2.68659e-005
log_fdev[1](15)    0.0309068 -4.48045e-005
log_fdev[1](16)     0.316732 -0.000130848
log_fdev[1](17)     0.408013 -0.000346835
log_fdev[1](18)     -1.06407 -0.000340271
log_fdev[1](19)    -0.850694 -0.000213281
log_fdev[1](20)    0.0510968 2.38055e-005
log_fdev[1](21)    -0.257942  0.000223226
log_fdev[1](22)    -0.941199 9.93213e-005
log_fdev[1](23)    -0.886795 -9.43204e-005
log_fdev[1](24)     -0.13559 -0.000209722
log_fdev[1](25)    -0.227845 -0.000237108
log_fdev[1](26)   -0.0720883 -0.000220242
log_fdev[1](27)    -0.477119 -0.000257583
log_fdev[1](28)    -0.945831 -0.000208188
log_fdev[1](29)    -0.979277 -7.19236e-005
log_fdev[1](30)    0.0521551 -8.65093e-005
log_fdev[1](31)      0.50051 -7.5097e-005
log_fdev[1](32)     0.605834 -0.000168978
log_fdev[1](33)      1.03567 -0.000392228
log_fdev[1](34)      1.16009 -0.000358042
log_fdev[1](35)     0.747962  0.000241603
log_fdev[1](36)     0.770791  0.000605183
log_fdev[1](37)     0.715496  0.000582191
log_fdev[1](38)    -0.434844   0.00032818
log_fdev[2](1)    -0.217062 -6.59117e-007
log_fdev[2](2)     0.064076 -3.21073e-006
log_fdev[2](3)     0.202531 -7.8071e-006
log_fdev[2](4)     0.187902 -1.00634e-005
log_fdev[2](5)     -8.89685 -2.69207e-006
log_fdev[2](6)     -4.78582 -8.8543e-006
log_fdev[2](7)     -5.37117  4.5182e-006
log_fdev[2](8)     -1.61926 -2.4367e-005
log_fdev[2](9)     0.317101 -2.77304e-005
log_fdev[2](10)      1.26557 -4.14922e-005
log_fdev[2](11)      2.09699 -5.1057e-005
log_fdev[2](12)       2.0443 -2.89161e-005
log_fdev[2](13)      2.70525 -9.34004e-006
log_fdev[2](14)        1.407 -1.24613e-005
log_fdev[2](15)     0.543772 -2.7868e-005
log_fdev[2](16)     0.682846 -3.7216e-005
log_fdev[2](17)     0.607195 -4.34818e-005
log_fdev[2](18)     0.861933 -4.25619e-005
log_fdev[2](19)      1.04566 -2.19312e-005
log_fdev[2](20)      1.04598 7.45703e-006
log_fdev[2](21)     0.359941 2.16677e-005
log_fdev[2](22)      1.16863 -1.12604e-005
log_fdev[2](23)      1.53493 -4.33558e-005
log_fdev[2](24)     0.497538 -3.55254e-005
log_fdev[2](25)      1.01465 -1.89402e-005
log_fdev[2](26)   -0.0842381 -2.18948e-005
log_fdev[2](27)    -0.304728 -1.2577e-005
log_fdev[2](28)     0.516392 -1.02241e-005
log_fdev[2](29)    -0.660984 -9.99396e-006
log_fdev[2](30)    -0.247827 -6.7679e-007
log_fdev[2](31)     0.529353 -4.21687e-006
log_fdev[2](32)   -0.0203606 -1.56793e-005
log_fdev[2](33)     0.412612 -3.92782e-006
log_fdev[2](34)     0.810066 2.83865e-005
log_fdev[2](35)     0.216939 6.10175e-005
log_fdev[2](36)    -0.287815 3.79376e-005
log_fdev[2](37)     0.704101 8.39102e-006
log_fdev[2](38)    -0.347131 1.65926e-005
log_foff[1]     -6.70195 -0.000969037
log_fdov[1](1)    0.0107555 -6.80957e-005
log_fdov[1](2)    -0.296769 -5.60862e-005
log_fdov[1](3)    -0.832799 -5.08795e-005
log_fdov[1](4)    -0.976421 -5.89529e-005
log_fdov[1](5)   -0.0454312 -5.73606e-005
log_fdov[1](6)    0.0439792 -1.15077e-005
log_fdov[1](7)  -0.00956843 -2.37694e-005
log_fdov[1](8)     0.302473 -3.36013e-005
log_fdov[1](9)    -0.120723 -2.43938e-005
log_fdov[1](10)     0.232262 -3.78708e-005
log_fdov[1](11)     0.911974 -4.9656e-005
log_fdov[1](12)     0.929338 1.11789e-005
log_fdov[1](13)      0.88637 3.33014e-005
log_fdov[1](14)    -0.133063 5.73238e-005
log_fdov[1](15)      1.55123 3.46945e-005
log_fdov[1](16)      -1.1395 1.18404e-006
log_fdov[1](17)    -0.752558 -7.46296e-006
log_fdov[1](18)     -1.77363 -8.59142e-006
log_fdov[1](19)     -1.82145 -3.2235e-005
log_fdov[1](20)      -2.7782 -3.70199e-005
log_fdov[1](21)    -0.118543 -7.68266e-005
log_fdov[1](22)     -1.12208 -5.52154e-005
log_fdov[1](23)    -0.864381 -1.28275e-005
log_fdov[1](24)    -0.507758 -6.69419e-005
log_fdov[1](25)     -2.02621 -5.00719e-005
log_fdov[1](26)     0.354366 1.05328e-006
log_fdov[1](27)       0.7361 -2.51285e-005
log_fdov[1](28)      1.38394 -6.9818e-005
log_fdov[1](29)     0.794359 -4.18784e-005
log_fdov[1](30)      2.53866 -3.17126e-005
log_fdov[1](31)    0.0409743 -5.59761e-005
log_fdov[1](32)      0.93987 -3.36045e-005
log_fdov[1](33)      1.67823 -2.29759e-005
log_fdov[1](34)     0.908227 -8.75731e-005
log_fdov[1](35)     0.294731 -2.00232e-005
log_fdov[1](36)      0.17554 -4.06972e-006
log_fdov[1](37)   -0.0739172 8.56569e-006
log_fdov[1](38)     0.679631 -3.61211e-005
rec_dev_est(1982)        5.689 -0.000260782
rec_dev_est(1983)      4.78362 -0.000153141
rec_dev_est(1984)      5.81551 -0.000383299
rec_dev_est(1985)      7.82057 -0.000783008
rec_dev_est(1986)       6.1611 -0.000228806
rec_dev_est(1987)      5.32706 -0.000286193
rec_dev_est(1988)      3.83514 -4.01961e-005
rec_dev_est(1989)      4.33823 -6.47259e-005
rec_dev_est(1990)      6.01492 -0.000267431
rec_dev_est(1991)       6.4742 -0.000600978
rec_dev_est(1992)      5.96339 -0.000184096
rec_dev_est(1993)      6.03387 -3.19132e-005
rec_dev_est(1994)       3.3412 2.82298e-005
rec_dev_est(1995)      2.23912 9.50314e-005
rec_dev_est(1996)      2.37917 7.30354e-005
rec_dev_est(1997)      5.14769 -0.000168374
rec_dev_est(1998)      5.63254 -0.000236463
rec_dev_est(1999)      4.30095 -0.000246721
rec_dev_est(2000)      3.10208 -7.84247e-005
rec_dev_est(2001)      4.58333 -0.000459165
rec_dev_est(2002)      4.50518 -0.000239757
rec_dev_est(2003)      6.59664 -0.000192715
rec_dev_est(2004)      4.65695  0.000205293
rec_dev_est(2005)      3.25844  0.000135827
rec_dev_est(2006)      2.50693 5.84163e-005
rec_dev_est(2007)      4.33819  0.000102797
rec_dev_est(2008)      7.18041  0.000232646
rec_dev_est(2009)       4.9269  0.000188496
rec_dev_est(2010)      4.49002  0.000963041
rec_dev_est(2011)       5.0279  0.000470802
rec_dev_est(2012)       3.4319   0.00102062
rec_dev_est(2013)      3.28302  0.000390428
rec_dev_est(2014)      5.45502  0.000388786
rec_dev_est(2015)       7.2876  0.000218318
rec_dev_est(2016)      6.21398 -9.73197e-006
rec_dev_est(2017)      4.14071 2.58735e-006
rec_dev_est(2018)       3.1666 -3.90693e-006
rec_dev_est(2019)      3.17126 2.27606e-006
logit_rec_prop_est(1982)      2.01753 -0.000485026
logit_rec_prop_est(1983)       1.9018 -0.000277728
logit_rec_prop_est(1984)     0.733005  -0.00128528
logit_rec_prop_est(1985)     -1.70084  -0.00652088
logit_rec_prop_est(1986)     -2.00073  -0.00179115
logit_rec_prop_est(1987)       2.0602 -0.000573614
logit_rec_prop_est(1988)       -0.481 -0.000326842
logit_rec_prop_est(1989)   -0.0316893 -0.000365408
logit_rec_prop_est(1990)    -0.585204  -0.00197906
logit_rec_prop_est(1991)    -0.128439  -0.00189329
logit_rec_prop_est(1992)    -0.487843  -0.00144366
logit_rec_prop_est(1993)     -2.84247 -4.76614e-005
logit_rec_prop_est(1994)       -1.288  0.000155531
logit_rec_prop_est(1995)      1.92592 -1.84081e-005
logit_rec_prop_est(1996)       1.4452 -3.59827e-005
logit_rec_prop_est(1997)     0.433827 -0.000957967
logit_rec_prop_est(1998)     -2.99695 -0.000966477
logit_rec_prop_est(1999)    -0.896836  -0.00124117
logit_rec_prop_est(2000)      1.30521 -0.000199781
logit_rec_prop_est(2001)      4.41285 -0.000173909
logit_rec_prop_est(2002)      3.00447 -0.000156264
logit_rec_prop_est(2003)     -1.77231  0.000219072
logit_rec_prop_est(2004)      1.89047  0.000293556
logit_rec_prop_est(2005)      2.22061 -3.38279e-005
logit_rec_prop_est(2006)      1.64815 -3.96436e-005
logit_rec_prop_est(2007)   -0.0451207  0.000369052
logit_rec_prop_est(2008)     -2.71599   0.00391947
logit_rec_prop_est(2009)     -2.21685   0.00177756
logit_rec_prop_est(2010)     -1.00266   0.00629544
logit_rec_prop_est(2011)     -2.77852   0.00419119
logit_rec_prop_est(2012)      1.82566   0.00117463
logit_rec_prop_est(2013)      1.25943  0.000492984
logit_rec_prop_est(2014)    0.0949226   0.00163908
logit_rec_prop_est(2015)     0.564759  0.000732643
logit_rec_prop_est(2016)     -2.28369 -0.000104194
logit_rec_prop_est(2017)     -1.60804 -0.000117168
logit_rec_prop_est(2018)    -0.653368 -0.000107654
logit_rec_prop_est(2019)    -0.227451 -0.000119813
m_mat_mult[1]    0.0184175 3.51516e-005
m_mat_mult[2]    0.0585114  0.000282907
survey_q[1]     0.220921 -9.80433e-006
survey_q[2]     0.415214 4.43759e-006
survey_q[3]     0.512367 -2.84181e-005
survey_q[4]     0.871429  2.7153e-005
