# Number of parameters = 364 Objective function value = 7543.86013199297  Maximum gradient component = 0.0278080467654740
# af:
-0.441438668700
# am:
3.49499424786
# bf:
1.31114775416
# bm:
1.19637660529
# bf1:
1.00000001519
# deltaf:
38.3386820287
# st_gr:
0.500000000000
# growth_beta:
 0.750000000000 0.750000000000
# matest50f:
45.0000000000
# matestslpf:
0.275000000000
# matest50m:
85.0000000000
# matestslpm:
0.260000000000
# mateste:
 -5.08942316394 -4.53790538055 -3.98638771038 -3.43642746779 -2.90523834663 -2.43385733864 -2.05603158618 -1.78026434714 -1.61980228289 -1.51626920471 -1.45844500390 -1.48013441148 -1.48491088093 -1.32151104808 -0.922857883619 -0.353461183845 -1.68121783162e-009
# matestfe:
 -4.90662675585 -3.81817498299 -2.72972365139 -1.65188630004 -0.712362065112 -0.227061329127 -0.197036645177 -0.174744020552
# moltp_af:
2.00000000000
# moltp_bf:
150.000000000
# moltp_am:
1.52000000000
# moltp_bm:
215.000000000
# moltp_ammat:
0.0500000000000
# moltp_bmmat:
105.000000000
# mean_log_rec_f:
13.4626646792
# mean_log_rec_m:
13.3056763412
# rec_devf:
 -1.06207570529 -0.122179779469 0.769498939494 2.21511280836 0.654816572579 0.479743875592 -0.404613584912 0.508695489706 0.408814223535 0.970412819011 0.972668315022 0.747182865944 -0.758526217989 -0.939725706570 -0.772458685807 -0.605098514529 -0.187674434752 -0.882612610467 -1.09994307157 -1.16600560369 0.00737349758555 0.918267529981 -0.196624709909 0.0184943954975 -1.23912741246 -0.813956754156 1.36490995650 0.156197313792 -0.440725167118 -0.189210832449 -0.0685708900036 -0.551890021186 0.621650327003 1.42134410127 1.36626334352 -0.898938317460 -1.20148819350 -1.61104732315e-007
# rec_devm:
 0.970785262076 0.988075193014 1.17932034130 1.95423788196 1.13739369560 1.74134980176 -1.64461971622 -0.504004035208 -0.257222771958 2.25689683738 0.495816753988 -0.0689832462763 -1.42587156207 -1.89358442149 -1.56936561909 0.321996275879 0.0457238562266 -1.12203537301 -1.07666137544 0.00209409934502 0.759851305570 0.733432012154 0.412633492102 0.0622513276356 -1.45634768230 -1.10299057179 0.458142715523 -0.586552825863 -0.968077999158 -1.35579847817 -0.983899672435 -0.297749451671 1.26757454365 2.09533528014 1.23452796541 -0.856144106639 -0.947529948266 2.16322713239e-007
# alpha1_rec:
11.5000000000
# beta_rec:
4.00000000000
# mnatlen_styr:
 11.2245916507 11.3602052649 11.6903752127 12.0862457280 12.3311817777 12.2542844437 12.0466907987 11.7741461710 11.6497128857 11.5189530628 11.1134598476 10.8742563323 11.0410252223 10.6616860053 9.25184476261 7.97327396911 7.00669812332 6.33571976771 5.86045960978 5.51169490731 5.26796923646 5.14132514454
 1.83018027371 3.28478184370 4.73937863765 6.19390908012 7.64750849940 9.08721171587 10.2893921290 11.1025849352 11.5340477747 11.7092999555 11.7421927584 11.7100444209 11.6751918568 11.6242835384 11.4617896809 11.1189001375 10.4575624633 9.54972128075 8.47972681109 7.31640843217 6.11258263024 4.89901809098
# fnatlen_styr:
 -9.80321073882 -9.80321245936 -9.80321131989 -9.80321012886 -9.80321035494 -9.80320985432 -9.80321039760 -9.80321001392 -9.80321117178 -9.80321232169 -9.80321255358 -9.80321352907
 9.46243954862 9.60415409114 10.0366118458 11.0817478917 12.8553348157 13.6618812483 13.0896455212 12.1552592996 11.2149977250 9.80396717757 8.85408057557 8.43935758898
# log_avg_fmort:
-0.0165808106476
# fmort_dev:
 -0.868358601559 -1.45262248506 -0.795086084253 -0.303273003897 0.119700492197 0.944185744952 0.998499696100 0.664804114277 1.39971887206 1.54271426120 1.17415660479 0.627348684573 0.348685061269 0.197302355424 -0.219305309391 0.135407953829 0.284619216340 -1.04006711028 -0.998107028374 -0.302001335658 -0.453933036714 -1.02469403089 -1.10256655868 -0.469940375070 -0.373406379574 -0.105007225708 -0.582724636546 -1.03941348895 -0.931927648269 -0.0476426354243 0.412416058672 0.546315406354 0.929762907703 0.866648248432 0.499492681577 0.370797987136 0.0475006274214
# log_avg_fmortdf:
-5.11229240337
# fmortdf_dev:
 -0.112839393018 -0.0632150842828 -0.0271763716154 -0.0253141175619 0.0118013444760 -0.0476821149863 -0.275162218016 -0.299623387816 -0.222100228353 -0.0567290581369 0.592555027185 0.252011772850 0.0243804596456 -0.332198705004 0.122289554754 -0.308413406985 -0.201244348443 -0.171222754645 -0.133810705316 -0.118329806696 -0.0853089515259 -0.0886995315361 -0.0878279800660 -0.118966876414 -0.185618841640 -0.164047548514 -0.163577474074 -0.131626588455 -0.154720589006 1.35166154075 -0.142975033103 0.195110103803 1.36205129628 0.302921711895 -0.0835454839159 -0.141938179476 -0.270868033033
# log_avg_fmortt:
-5.01266677001
# fmortt_dev_era1:
 0.276228338487 0.211925394322 0.110874681474 0.0507695700878 -0.310848180855 -0.272172754641 -0.349288451202 -0.408677649681 -0.00760368483805 0.698792736848
# fmortt_dev_era2:
 1.28837770506 1.12058952335 2.04112263791 0.820818619077 -0.148404081428 -0.202572773480 -0.246110737527 0.0780551710386 0.0820259891702 -0.0964725019110 -0.344218988214 0.111528168369 0.488704514095 -0.306867901770 0.0351132012143 -0.449098499242 -0.548269486522 -0.159867020098 -0.665556088422 -0.551670545714 -0.290238603000 -0.383452920886 -0.360145983299 -0.326391599694 -0.348612277281 -0.373294001492 -0.265091519300
# discard_mult:
1.00000000000
# Fem_F_prop_constant:
0.500000050000
# log_avg_sel50_mn:
4.66059131441
# log_sel50_dev_mn:
 0.00000000000 0.00000000000 0.00000000000 0.00000000000 0.00000000000 0.00000000000 0.00000000000 0.00000000000 0.00000000000 0.00000000000 0.00000000000 0.00000000000 0.00000000000 0.00000000000 0.00000000000 0.00000000000 0.00000000000 0.00000000000 0.00000000000 0.00000000000 0.00000000000 0.00000000000 0.00000000000 0.00000000000 0.00000000000 0.00000000000 0.00000000000 0.00000000000 0.00000000000 0.00000000000 0.00000000000 0.00000000000 0.00000000000 0.00000000000 0.00000000000 0.00000000000 0.00000000000 0.00000000000
# log_avg_sel50_mo:
4.50000000000
# log_sel50_dev_mo:
 0.00000000000 0.00000000000 0.00000000000 0.00000000000 0.00000000000 0.00000000000 0.00000000000 0.00000000000 0.00000000000 0.00000000000 0.00000000000 0.00000000000 0.00000000000 0.00000000000 0.00000000000 0.00000000000 0.00000000000 0.00000000000 0.00000000000 0.00000000000 0.00000000000 0.00000000000 0.00000000000 0.00000000000 0.00000000000 0.00000000000 0.00000000000 0.00000000000 0.00000000000 0.00000000000 0.00000000000 0.00000000000 0.00000000000 0.00000000000 0.00000000000 0.00000000000 0.00000000000 0.00000000000
# fish_slope_mn:
0.200428786063
# fish_slope_mo:
0.450000000000
# fish_fit_slope_mn:
0.450054964490
# fish_fit_sel50_mn:
96.0783888039
# fish_fit_slope_mo:
0.275000000000
# fish_fit_sel50_mo:
100.000000000
# fish_slope_mo2:
1.95000000000
# fish_sel50_mo2:
159.500000000
# fish_slope_mn2:
1.00500000000
# fish_sel50_mn2:
130.000000000
# fish_disc_slope_f:
0.245686253877
# fish_disc_sel50_f:
4.28843579460
# log_dev_50f:
 0.00000000000 0.00000000000 0.00000000000 0.00000000000 0.00000000000 0.00000000000 0.00000000000 0.00000000000 0.00000000000 0.00000000000 0.00000000000 0.00000000000 0.00000000000 0.00000000000 0.00000000000 0.00000000000 0.00000000000 0.00000000000 0.00000000000 0.00000000000 0.00000000000 0.00000000000 0.00000000000 0.00000000000
# fish_disc_slope_tf:
0.0853780277071
# fish_disc_sel50_tf:
109.272021587
# srv1_q:
0.625613107797
# srv1_q_f:
0.577333297245
# srv1_sel95:
63.7931648411
# srv1_sel50:
36.5119281951
# srv2_q:
0.498683203912
# srv2_q_f:
0.717491184477
# srv2_sel95:
66.1844239228
# srv2_sel50:
43.7328497100
# srv3_q:
0.774307691256
# srv3_sel95:
54.9904772504
# srv3_sel50:
37.5631971070
# srv3_q_f:
0.999999963220
# srv3_sel95_f:
48.4005386595
# srv3_sel50_f:
36.8802248522
# srvind_q:
0.999998747888
# srvind_q_f:
0.137894243400
# srvind_sel95_f:
48.4439770344
# srvind_sel50_f:
47.7637800948
# srv10ind_q:
0.925917699795
# srv10ind_q_f:
0.999999772485
# srv10ind_sel95_f:
26.4042645794
# srv10ind_sel50_f:
24.1180932646
# selsmo10ind:
 19.9981324001 19.9980103890 19.9978804418 19.9977237699 19.9975188493 19.9972447129 19.9968762183 19.9963976100 19.9957965199 19.9950686736 19.9942220803 19.9932607090 19.9921948867 19.9910367122 19.9897991009 19.9884960813 19.9871434457 19.9857561866 19.9843508503 19.9829395264 19.9815287740 19.9801164555
# selsmo09ind:
 -10.0504577527 -8.83492217287 -7.61980165716 -6.40910237659 -5.21801649466 -4.09068618960 -3.10161804942 -2.35747701253 -1.90558260912 -1.61530793098 -1.41025353784 -1.17200145112 -0.856779349126 -0.602771467578 -0.612102082941 -0.858629271949 -1.12912472511 -1.25434725578 -1.18728041032 -0.970013749990 -0.687192401966 -0.381231891267
# Mmult_imat:
1.14791012188
# Mmult:
1.12196948858
# Mmultf:
1.44631018963
# cpueq:
0.00145470447684
# proprecn:
1.00000000000
