# Number of parameters = 367 Objective function value = 7517.52250117441  Maximum gradient component = 0.00929652997292249
# af:
1.49398161355
# am:
3.68179968243
# bf:
1.23296213900
# bm:
1.19063940711
# bf1:
1.15108525751
# deltaf:
44.8619204892
# st_gr:
0.500000000000
# growth_beta:
 0.750000000000 0.750000000000
# matest50f:
45.0000000000
# matestslpf:
0.275000000000
# matest50m:
85.0000000000
# matestslpm:
0.260000000000
# mateste:
 -5.08289108685 -4.53375857652 -3.98462602143 -3.43717641312 -2.90849189722 -2.43735087948 -2.05566218899 -1.77339527329 -1.61217228583 -1.52274200042 -1.48151065033 -1.51306612955 -1.53330656650 -1.39492292687 -1.00866304165 -0.419425702755 -1.91311233522e-009
# matestfe:
 -5.12483343818 -3.97372368457 -2.82261930379 -1.68082467698 -0.673544313568 -0.160889249988 -0.159460264945 -0.100421938765
# moltp_af:
2.00000000000
# moltp_bf:
150.000000000
# moltp_am:
1.52000000000
# moltp_bm:
215.000000000
# moltp_ammat:
0.0500000000000
# moltp_bmmat:
105.000000000
# mean_log_rec_f:
13.4929820763
# mean_log_rec_m:
13.2449988858
# rec_devf:
 -1.15745722252 -0.0900807051415 0.757862056153 2.20250708514 0.851030252616 0.400501375184 -0.367131525553 0.512933009615 0.522707138837 0.981058504892 1.02868277281 0.745660584765 -0.730173046866 -0.922201241227 -0.826794590001 -0.491296244677 -0.163191248727 -0.859144497208 -1.07573173522 -1.13678171113 0.0718845635659 0.869328891862 0.0327353971705 -0.205780801109 -1.04629804316 -0.678689319825 1.35854828827 0.0889263484165 -0.526449085394 -0.265477439422 -0.242914149836 -0.586716741750 0.398445210879 1.45531329877 1.22501251947 -0.904736971013 -1.22402371259 -0.00206610562231 -1.16042045028e-006
# rec_devm:
 1.08625487250 1.01270742310 1.29109448199 1.94409092308 1.39829866243 1.73880470884 -1.61217080602 -0.511019733187 0.166456462127 2.34833632602 0.00432593100971 0.0863538344593 -1.43288649192 -1.83070725690 -1.43118721565 0.460005465763 0.0316541057411 -1.03325679257 -0.956014089070 0.174330935004 0.826553564537 0.777136117003 0.447729065616 0.0609516264558 -1.43535577675 -0.992097203785 0.523026401358 -0.553080448304 -1.00789315714 -1.44274068439 -0.702140346519 -1.27928784764 0.0663379187900 2.36408706592 1.11674542330 -0.822716322862 -0.881573830879 -0.00114692928358 -6.38218551311e-006
# alpha1_rec:
11.5000000000
# beta_rec:
4.00000000000
# mnatlen_styr:
 11.1409292762 11.2798463309 11.6183453761 12.0365495978 12.3109270486 12.2500914792 12.0519582028 11.7749480098 11.6366814639 11.5443537581 11.1640598013 10.8780463294 11.0447276390 10.8185259701 9.43941674170 8.13881003728 7.14283331014 6.45260323314 5.96693157030 5.61424319961 5.37065581437 5.24501852406
 1.88100220668 3.31840562830 4.75580370211 6.19313068514 7.62948444956 9.05179873419 10.2435066051 11.0570870998 11.4983546063 11.6880946431 11.7364472375 11.7193337677 11.6993026567 11.6628031458 11.5106866884 11.1852268901 10.5550855059 9.67905471335 8.63375438101 7.48873324672 6.29992434215 5.10049283142
# fnatlen_styr:
 9.38595059631 9.46478438729 9.77143462722 10.4733834355 12.0182593363 13.1233280146 12.4394236763 11.4467587922 10.3600767635 9.15429089573 8.42178874710 8.09815134161
 9.40289264974 9.52736964781 9.91757706050 10.8717599673 12.4675495316 13.0230662570 12.5165517398 11.5335390079 10.5891565952 9.35535803384 8.55697542519 8.19752414643
# log_avg_fmort:
-0.113302370940
# fmort_dev:
 -0.943033661089 -1.49091499518 -0.810400757018 -0.317648453844 0.0862182775374 0.864989706757 0.925497547652 0.646821141743 1.41457511592 1.53834427603 1.11903772976 0.595390978256 0.284408619823 0.104194667177 -0.252783585174 0.126918206572 0.292136354245 -1.02207802967 -0.995741142018 -0.324747679061 -0.487981849008 -1.04058193996 -1.10642878322 -0.492754250969 -0.425194930449 -0.149124927432 -0.590706381129 -1.02444277847 -0.907106657994 -0.0316616376021 0.394181894012 0.525269308546 0.895147308183 0.824729505550 0.520856850040 0.488402025935 0.848904616027 -0.0826916904757
# log_avg_fmortdf:
-5.67836501449
# fmortdf_dev:
 -0.104294266920 -0.156196575019 -0.0867805422845 -0.0578032847754 -0.00585115977302 -0.101706256076 -0.292515839898 -0.290654803573 -0.199285723926 -0.0327734690735 0.617509950758 0.259631212922 0.0248290549659 -0.328882704083 0.134820906354 -0.290306790105 -0.185079369471 -0.157803011608 -0.124795649859 -0.108808036378 -0.0746214380759 -0.0752796678232 -0.0770036567407 -0.113615161205 -0.174728499177 -0.145972135163 -0.138143822125 -0.108341526050 -0.150090197287 1.37331980568 -0.112237053523 0.232963116693 1.44994597907 0.328657080869 -0.0502190776735 -0.116237892443 -0.236886567923 -0.324762929290
# log_avg_fmortt:
-5.22483392184
# fmortt_dev_era1:
 0.226666254445 0.186076475081 0.109975405909 0.0546632383213 -0.325631792972 -0.290548369984 -0.361594954721 -0.404622125078 0.0373325395216 0.767683329477
# fmortt_dev_era2:
 1.35140964671 1.17939586885 2.07351567232 0.822629345391 -0.124174060423 -0.139202586942 -0.188476773002 0.101004238139 0.0729527809216 -0.119493957715 -0.356859087216 0.101309747951 0.496180774453 -0.323646206213 0.0137248593538 -0.453548922528 -0.538727141100 -0.128595441305 -0.639727115476 -0.532991164535 -0.298291167240 -0.393046348713 -0.367168718965 -0.345325013199 -0.359398877584 -0.371949614576 -0.216700840150 -0.314799897216
# discard_mult:
1.00000000000
# Fem_F_prop_constant:
0.500000050000
# log_avg_sel50_mn:
4.65394217785
# log_sel50_dev_mn:
 0.00000000000 0.00000000000 0.00000000000 0.00000000000 0.00000000000 0.00000000000 0.00000000000 0.00000000000 0.00000000000 0.00000000000 0.00000000000 0.00000000000 0.00000000000 0.00000000000 0.00000000000 0.00000000000 0.00000000000 0.00000000000 0.00000000000 0.00000000000 0.00000000000 0.00000000000 0.00000000000 0.00000000000 0.00000000000 0.00000000000 0.00000000000 0.00000000000 0.00000000000 0.00000000000 0.00000000000 0.00000000000 0.00000000000 0.00000000000 0.00000000000 0.00000000000 0.00000000000 0.00000000000 0.00000000000
# log_avg_sel50_mo:
4.50000000000
# log_sel50_dev_mo:
 0.00000000000 0.00000000000 0.00000000000 0.00000000000 0.00000000000 0.00000000000 0.00000000000 0.00000000000 0.00000000000 0.00000000000 0.00000000000 0.00000000000 0.00000000000 0.00000000000 0.00000000000 0.00000000000 0.00000000000 0.00000000000 0.00000000000 0.00000000000 0.00000000000 0.00000000000 0.00000000000 0.00000000000 0.00000000000 0.00000000000 0.00000000000 0.00000000000 0.00000000000 0.00000000000 0.00000000000 0.00000000000 0.00000000000 0.00000000000 0.00000000000 0.00000000000 0.00000000000 0.00000000000 0.00000000000
# fish_slope_mn:
0.199701036968
# fish_slope_mo:
0.450000000000
# fish_fit_slope_mn:
0.468697685248
# fish_fit_sel50_mn:
96.2689945501
# fish_fit_slope_mo:
0.275000000000
# fish_fit_sel50_mo:
100.000000000
# fish_slope_mo2:
1.95000000000
# fish_sel50_mo2:
159.500000000
# fish_slope_mn2:
1.00500000000
# fish_sel50_mn2:
130.000000000
# fish_disc_slope_f:
0.271647142902
# fish_disc_sel50_f:
4.23722630693
# log_dev_50f:
 0.00000000000 0.00000000000 0.00000000000 0.00000000000 0.00000000000 0.00000000000 0.00000000000 0.00000000000 0.00000000000 0.00000000000 0.00000000000 0.00000000000 0.00000000000 0.00000000000 0.00000000000 0.00000000000 0.00000000000 0.00000000000 0.00000000000 0.00000000000 0.00000000000 0.00000000000 0.00000000000 0.00000000000 0.00000000000
# fish_disc_slope_tf:
0.0869499469860
# fish_disc_sel50_tf:
106.520197926
# srv1_q:
0.625613107797
# srv1_q_f:
0.577333297245
# srv1_sel95:
63.7931648411
# srv1_sel50:
36.5119281951
# srv2_q:
0.471929663929
# srv2_q_f:
0.666734575448
# srv2_sel95:
63.0431357531
# srv2_sel50:
42.6919476397
# srv3_q:
0.782032564266
# srv3_sel95:
54.3519647401
# srv3_sel50:
37.1667329493
# srv3_q_f:
0.999999971291
# srv3_sel95_f:
49.4893452239
# srv3_sel50_f:
37.5056061384
# srvind_q:
0.999998865003
# srvind_q_f:
0.171879801811
# srvind_sel95_f:
57.0201736653
# srvind_sel50_f:
51.1596318241
# srv10ind_q:
0.919497148188
# srv10ind_q_f:
0.999999762762
# srv10ind_sel95_f:
26.4042645794
# srv10ind_sel50_f:
24.1180932646
# selsmo10ind:
 19.9575502523 19.9595607149 19.9615709157 19.9635811319 19.9655913420 19.9676026690 19.9696146548 19.9716263613 19.9736377105 19.9756482615 19.9776584162 19.9796680149 19.9816766642 19.9836849305 19.9856936939 19.9877044762 19.9897143858 19.9917234612 19.9937325276 19.9957422510 19.9977510561 19.9997606137
# selsmo09ind:
 -10.0860608032 -8.86637593789 -7.64709576598 -6.43216025910 -5.23663493126 -4.10462850828 -3.11092342012 -2.36232842033 -1.90480965677 -1.60669273107 -1.39315582706 -1.14731500275 -0.825948689874 -0.569756569719 -0.586499709464 -0.855274613486 -1.15832656790 -1.31047879409 -1.26259176899 -1.05788037260 -0.782985133982 -0.482964632726
# Mmult_imat:
1.14073887542
# Mmult:
1.11404115243
# Mmultf:
1.49101039663
# cpueq:
0.00143445461978
# proprecn:
1.00000000000
